
====================================================================================================
PROBLEMFORMULERING
====================================================================================================
Maksimer Z = x_1f + x_2f + x_3f + x_4f + x_5f

u.b.b.:
  B1: x_1f + x_1a <= 1
  B2: x_2f + x_2a <= 1
  B3: x_3f + x_3a <= 1
  B4: x_4f + x_4a <= 1
  B5: x_5f + x_5a <= 1
  B6: x_1f + x_4f <= 1
  B7:  - x_2f - x_3f - x_2a - x_3a <= -2
  B8: x_2f + x_3a <= 1
  B9: x_3f + x_2a <= 1
  B10: x_1f + x_2f + x_3f + x_4f + x_5f <= 3
  B11: x_1a + x_2a + x_3a + x_4a + x_5a <= 3
  B12:  - x_1f - x_2f - x_3f - x_4f - x_5f - x_1a - x_2a - x_3a - x_4a - x_5a <= -5

Samt fortegnskrav:
  x_1f >= 0, x_2f >= 0, x_3f >= 0, x_4f >= 0, x_5f >= 0, x_1a >= 0, x_2a >= 0, x_3a >= 0, x_4a >= 0, x_5a >= 0
====================================================================================================

Starttableau:

Simplex-tableau:
---------------------------------------------------------------------------------------------------------------------------------------------------------------------------------------------------------------------------------------------------------------------------------------------
|Basis  |x_1f       |x_2f       |x_3f       |x_4f       |x_5f       |x_1a       |x_2a       |x_3a       |x_4a       |x_5a       |S_1        |S_2        |S_3        |S_4        |S_5        |S_6        |S_7        |S_8        |S_9        |S_10       |S_11       |S_12       |b          |
---------------------------------------------------------------------------------------------------------------------------------------------------------------------------------------------------------------------------------------------------------------------------------------------
|S_1    |       1.00|       0.00|       0.00|       0.00|       0.00|       1.00|       0.00|       0.00|       0.00|       0.00|       1.00|       0.00|       0.00|       0.00|       0.00|       0.00|       0.00|       0.00|       0.00|       0.00|       0.00|       0.00|       1.00|
|S_2    |       0.00|       1.00|       0.00|       0.00|       0.00|       0.00|       1.00|       0.00|       0.00|       0.00|       0.00|       1.00|       0.00|       0.00|       0.00|       0.00|       0.00|       0.00|       0.00|       0.00|       0.00|       0.00|       1.00|
|S_3    |       0.00|       0.00|       1.00|       0.00|       0.00|       0.00|       0.00|       1.00|       0.00|       0.00|       0.00|       0.00|       1.00|       0.00|       0.00|       0.00|       0.00|       0.00|       0.00|       0.00|       0.00|       0.00|       1.00|
|S_4    |       0.00|       0.00|       0.00|       1.00|       0.00|       0.00|       0.00|       0.00|       1.00|       0.00|       0.00|       0.00|       0.00|       1.00|       0.00|       0.00|       0.00|       0.00|       0.00|       0.00|       0.00|       0.00|       1.00|
|S_5    |       0.00|       0.00|       0.00|       0.00|       1.00|       0.00|       0.00|       0.00|       0.00|       1.00|       0.00|       0.00|       0.00|       0.00|       1.00|       0.00|       0.00|       0.00|       0.00|       0.00|       0.00|       0.00|       1.00|
|S_6    |       1.00|       0.00|       0.00|       1.00|       0.00|       0.00|       0.00|       0.00|       0.00|       0.00|       0.00|       0.00|       0.00|       0.00|       0.00|       1.00|       0.00|       0.00|       0.00|       0.00|       0.00|       0.00|       1.00|
|S_7    |       0.00|      -1.00|      -1.00|       0.00|       0.00|       0.00|      -1.00|      -1.00|       0.00|       0.00|       0.00|       0.00|       0.00|       0.00|       0.00|       0.00|       1.00|       0.00|       0.00|       0.00|       0.00|       0.00|      -2.00|
|S_8    |       0.00|       1.00|       0.00|       0.00|       0.00|       0.00|       0.00|       1.00|       0.00|       0.00|       0.00|       0.00|       0.00|       0.00|       0.00|       0.00|       0.00|       1.00|       0.00|       0.00|       0.00|       0.00|       1.00|
|S_9    |       0.00|       0.00|       1.00|       0.00|       0.00|       0.00|       1.00|       0.00|       0.00|       0.00|       0.00|       0.00|       0.00|       0.00|       0.00|       0.00|       0.00|       0.00|       1.00|       0.00|       0.00|       0.00|       1.00|
|S_10   |       1.00|       1.00|       1.00|       1.00|       1.00|       0.00|       0.00|       0.00|       0.00|       0.00|       0.00|       0.00|       0.00|       0.00|       0.00|       0.00|       0.00|       0.00|       0.00|       1.00|       0.00|       0.00|       3.00|
|S_11   |       0.00|       0.00|       0.00|       0.00|       0.00|       1.00|       1.00|       1.00|       1.00|       1.00|       0.00|       0.00|       0.00|       0.00|       0.00|       0.00|       0.00|       0.00|       0.00|       0.00|       1.00|       0.00|       3.00|
|S_12   |      -1.00|      -1.00|      -1.00|      -1.00|      -1.00|      -1.00|      -1.00|      -1.00|      -1.00|      -1.00|       0.00|       0.00|       0.00|       0.00|       0.00|       0.00|       0.00|       0.00|       0.00|       0.00|       0.00|       1.00|      -5.00|
---------------------------------------------------------------------------------------------------------------------------------------------------------------------------------------------------------------------------------------------------------------------------------------------
|Z      |      -1.00|      -1.00|      -1.00|      -1.00|      -1.00|      -0.00|      -0.00|      -0.00|      -0.00|      -0.00|      -0.00|      -0.00|      -0.00|      -0.00|      -0.00|      -0.00|      -0.00|      -0.00|      -0.00|      -0.00|      -0.00|      -0.00|       0.00|
---------------------------------------------------------------------------------------------------------------------------------------------------------------------------------------------------------------------------------------------------------------------------------------------

Pivot-søjle: x_1a  |  Pivot-række: S_12

Simplex-tableau:
---------------------------------------------------------------------------------------------------------------------------------------------------------------------------------------------------------------------------------------------------------------------------------------------
|Basis  |x_1f       |x_2f       |x_3f       |x_4f       |x_5f       |x_1a       |x_2a       |x_3a       |x_4a       |x_5a       |S_1        |S_2        |S_3        |S_4        |S_5        |S_6        |S_7        |S_8        |S_9        |S_10       |S_11       |S_12       |b          |
---------------------------------------------------------------------------------------------------------------------------------------------------------------------------------------------------------------------------------------------------------------------------------------------
|S_1    |       1.00|       0.00|       0.00|       0.00|       0.00|       1.00|       0.00|       0.00|       0.00|       0.00|       1.00|       0.00|       0.00|       0.00|       0.00|       0.00|       0.00|       0.00|       0.00|       0.00|       0.00|       0.00|       1.00|
|S_2    |       0.00|       1.00|       0.00|       0.00|       0.00|       0.00|       1.00|       0.00|       0.00|       0.00|       0.00|       1.00|       0.00|       0.00|       0.00|       0.00|       0.00|       0.00|       0.00|       0.00|       0.00|       0.00|       1.00|
|S_3    |       0.00|       0.00|       1.00|       0.00|       0.00|       0.00|       0.00|       1.00|       0.00|       0.00|       0.00|       0.00|       1.00|       0.00|       0.00|       0.00|       0.00|       0.00|       0.00|       0.00|       0.00|       0.00|       1.00|
|S_4    |       0.00|       0.00|       0.00|       1.00|       0.00|       0.00|       0.00|       0.00|       1.00|       0.00|       0.00|       0.00|       0.00|       1.00|       0.00|       0.00|       0.00|       0.00|       0.00|       0.00|       0.00|       0.00|       1.00|
|S_5    |       0.00|       0.00|       0.00|       0.00|       1.00|       0.00|       0.00|       0.00|       0.00|       1.00|       0.00|       0.00|       0.00|       0.00|       1.00|       0.00|       0.00|       0.00|       0.00|       0.00|       0.00|       0.00|       1.00|
|S_6    |       1.00|       0.00|       0.00|       1.00|       0.00|       0.00|       0.00|       0.00|       0.00|       0.00|       0.00|       0.00|       0.00|       0.00|       0.00|       1.00|       0.00|       0.00|       0.00|       0.00|       0.00|       0.00|       1.00|
|S_7    |       0.00|      -1.00|      -1.00|       0.00|       0.00|       0.00|      -1.00|      -1.00|       0.00|       0.00|       0.00|       0.00|       0.00|       0.00|       0.00|       0.00|       1.00|       0.00|       0.00|       0.00|       0.00|       0.00|      -2.00|
|S_8    |       0.00|       1.00|       0.00|       0.00|       0.00|       0.00|       0.00|       1.00|       0.00|       0.00|       0.00|       0.00|       0.00|       0.00|       0.00|       0.00|       0.00|       1.00|       0.00|       0.00|       0.00|       0.00|       1.00|
|S_9    |       0.00|       0.00|       1.00|       0.00|       0.00|       0.00|       1.00|       0.00|       0.00|       0.00|       0.00|       0.00|       0.00|       0.00|       0.00|       0.00|       0.00|       0.00|       1.00|       0.00|       0.00|       0.00|       1.00|
|S_10   |       1.00|       1.00|       1.00|       1.00|       1.00|       0.00|       0.00|       0.00|       0.00|       0.00|       0.00|       0.00|       0.00|       0.00|       0.00|       0.00|       0.00|       0.00|       0.00|       1.00|       0.00|       0.00|       3.00|
|S_11   |       0.00|       0.00|       0.00|       0.00|       0.00|       1.00|       1.00|       1.00|       1.00|       1.00|       0.00|       0.00|       0.00|       0.00|       0.00|       0.00|       0.00|       0.00|       0.00|       0.00|       1.00|       0.00|       3.00|
|S_12   |      -1.00|      -1.00|      -1.00|      -1.00|      -1.00|      -1.00|      -1.00|      -1.00|      -1.00|      -1.00|       0.00|       0.00|       0.00|       0.00|       0.00|       0.00|       0.00|       0.00|       0.00|       0.00|       0.00|       1.00|      -5.00|
---------------------------------------------------------------------------------------------------------------------------------------------------------------------------------------------------------------------------------------------------------------------------------------------
|Z      |      -1.00|      -1.00|      -1.00|      -1.00|      -1.00|      -0.00|      -0.00|      -0.00|      -0.00|      -0.00|      -0.00|      -0.00|      -0.00|      -0.00|      -0.00|      -0.00|      -0.00|      -0.00|      -0.00|      -0.00|      -0.00|      -0.00|       0.00|
---------------------------------------------------------------------------------------------------------------------------------------------------------------------------------------------------------------------------------------------------------------------------------------------
|Ratio  |      -1.00|      -1.00|      -1.00|      -1.00|      -1.00|      -0.00|      -0.00|      -0.00|      -0.00|      -0.00|           |           |           |           |           |           |           |           |           |           |           |           |           |
---------------------------------------------------------------------------------------------------------------------------------------------------------------------------------------------------------------------------------------------------------------------------------------------

Pivot-søjle: x_2a  |  Pivot-række: S_1

Simplex-tableau:
---------------------------------------------------------------------------------------------------------------------------------------------------------------------------------------------------------------------------------------------------------------------------------------------
|Basis  |x_1f       |x_2f       |x_3f       |x_4f       |x_5f       |x_1a       |x_2a       |x_3a       |x_4a       |x_5a       |S_1        |S_2        |S_3        |S_4        |S_5        |S_6        |S_7        |S_8        |S_9        |S_10       |S_11       |S_12       |b          |
---------------------------------------------------------------------------------------------------------------------------------------------------------------------------------------------------------------------------------------------------------------------------------------------
|S_1    |       0.00|      -1.00|      -1.00|      -1.00|      -1.00|       0.00|      -1.00|      -1.00|      -1.00|      -1.00|       1.00|       0.00|       0.00|       0.00|       0.00|       0.00|       0.00|       0.00|       0.00|       0.00|       0.00|       1.00|      -4.00|
|S_2    |       0.00|       1.00|       0.00|       0.00|       0.00|       0.00|       1.00|       0.00|       0.00|       0.00|       0.00|       1.00|       0.00|       0.00|       0.00|       0.00|       0.00|       0.00|       0.00|       0.00|       0.00|       0.00|       1.00|
|S_3    |       0.00|       0.00|       1.00|       0.00|       0.00|       0.00|       0.00|       1.00|       0.00|       0.00|       0.00|       0.00|       1.00|       0.00|       0.00|       0.00|       0.00|       0.00|       0.00|       0.00|       0.00|       0.00|       1.00|
|S_4    |       0.00|       0.00|       0.00|       1.00|       0.00|       0.00|       0.00|       0.00|       1.00|       0.00|       0.00|       0.00|       0.00|       1.00|       0.00|       0.00|       0.00|       0.00|       0.00|       0.00|       0.00|       0.00|       1.00|
|S_5    |       0.00|       0.00|       0.00|       0.00|       1.00|       0.00|       0.00|       0.00|       0.00|       1.00|       0.00|       0.00|       0.00|       0.00|       1.00|       0.00|       0.00|       0.00|       0.00|       0.00|       0.00|       0.00|       1.00|
|S_6    |       1.00|       0.00|       0.00|       1.00|       0.00|       0.00|       0.00|       0.00|       0.00|       0.00|       0.00|       0.00|       0.00|       0.00|       0.00|       1.00|       0.00|       0.00|       0.00|       0.00|       0.00|       0.00|       1.00|
|S_7    |       0.00|      -1.00|      -1.00|       0.00|       0.00|       0.00|      -1.00|      -1.00|       0.00|       0.00|       0.00|       0.00|       0.00|       0.00|       0.00|       0.00|       1.00|       0.00|       0.00|       0.00|       0.00|       0.00|      -2.00|
|S_8    |       0.00|       1.00|       0.00|       0.00|       0.00|       0.00|       0.00|       1.00|       0.00|       0.00|       0.00|       0.00|       0.00|       0.00|       0.00|       0.00|       0.00|       1.00|       0.00|       0.00|       0.00|       0.00|       1.00|
|S_9    |       0.00|       0.00|       1.00|       0.00|       0.00|       0.00|       1.00|       0.00|       0.00|       0.00|       0.00|       0.00|       0.00|       0.00|       0.00|       0.00|       0.00|       0.00|       1.00|       0.00|       0.00|       0.00|       1.00|
|S_10   |       1.00|       1.00|       1.00|       1.00|       1.00|       0.00|       0.00|       0.00|       0.00|       0.00|       0.00|       0.00|       0.00|       0.00|       0.00|       0.00|       0.00|       0.00|       0.00|       1.00|       0.00|       0.00|       3.00|
|S_11   |      -1.00|      -1.00|      -1.00|      -1.00|      -1.00|       0.00|       0.00|       0.00|       0.00|       0.00|       0.00|       0.00|       0.00|       0.00|       0.00|       0.00|       0.00|       0.00|       0.00|       0.00|       1.00|       1.00|      -2.00|
|x_1a   |       1.00|       1.00|       1.00|       1.00|       1.00|       1.00|       1.00|       1.00|       1.00|       1.00|      -0.00|      -0.00|      -0.00|      -0.00|      -0.00|      -0.00|      -0.00|      -0.00|      -0.00|      -0.00|      -0.00|      -1.00|       5.00|
---------------------------------------------------------------------------------------------------------------------------------------------------------------------------------------------------------------------------------------------------------------------------------------------
|Z      |      -1.00|      -1.00|      -1.00|      -1.00|      -1.00|      -0.00|      -0.00|      -0.00|      -0.00|      -0.00|      -0.00|      -0.00|      -0.00|      -0.00|      -0.00|      -0.00|      -0.00|      -0.00|      -0.00|      -0.00|      -0.00|      -0.00|       0.00|
---------------------------------------------------------------------------------------------------------------------------------------------------------------------------------------------------------------------------------------------------------------------------------------------
|Ratio  |           |      -1.00|      -1.00|      -1.00|      -1.00|           |      -0.00|      -0.00|      -0.00|      -0.00|           |           |           |           |           |           |           |           |           |           |           |           |           |
---------------------------------------------------------------------------------------------------------------------------------------------------------------------------------------------------------------------------------------------------------------------------------------------

Pivot-søjle: x_3a  |  Pivot-række: S_2

Simplex-tableau:
---------------------------------------------------------------------------------------------------------------------------------------------------------------------------------------------------------------------------------------------------------------------------------------------
|Basis  |x_1f       |x_2f       |x_3f       |x_4f       |x_5f       |x_1a       |x_2a       |x_3a       |x_4a       |x_5a       |S_1        |S_2        |S_3        |S_4        |S_5        |S_6        |S_7        |S_8        |S_9        |S_10       |S_11       |S_12       |b          |
---------------------------------------------------------------------------------------------------------------------------------------------------------------------------------------------------------------------------------------------------------------------------------------------
|x_2a   |      -0.00|       1.00|       1.00|       1.00|       1.00|      -0.00|       1.00|       1.00|       1.00|       1.00|      -1.00|      -0.00|      -0.00|      -0.00|      -0.00|      -0.00|      -0.00|      -0.00|      -0.00|      -0.00|      -0.00|      -1.00|       4.00|
|S_2    |       0.00|       0.00|      -1.00|      -1.00|      -1.00|       0.00|       0.00|      -1.00|      -1.00|      -1.00|       1.00|       1.00|       0.00|       0.00|       0.00|       0.00|       0.00|       0.00|       0.00|       0.00|       0.00|       1.00|      -3.00|
|S_3    |       0.00|       0.00|       1.00|       0.00|       0.00|       0.00|       0.00|       1.00|       0.00|       0.00|       0.00|       0.00|       1.00|       0.00|       0.00|       0.00|       0.00|       0.00|       0.00|       0.00|       0.00|       0.00|       1.00|
|S_4    |       0.00|       0.00|       0.00|       1.00|       0.00|       0.00|       0.00|       0.00|       1.00|       0.00|       0.00|       0.00|       0.00|       1.00|       0.00|       0.00|       0.00|       0.00|       0.00|       0.00|       0.00|       0.00|       1.00|
|S_5    |       0.00|       0.00|       0.00|       0.00|       1.00|       0.00|       0.00|       0.00|       0.00|       1.00|       0.00|       0.00|       0.00|       0.00|       1.00|       0.00|       0.00|       0.00|       0.00|       0.00|       0.00|       0.00|       1.00|
|S_6    |       1.00|       0.00|       0.00|       1.00|       0.00|       0.00|       0.00|       0.00|       0.00|       0.00|       0.00|       0.00|       0.00|       0.00|       0.00|       1.00|       0.00|       0.00|       0.00|       0.00|       0.00|       0.00|       1.00|
|S_7    |       0.00|       0.00|       0.00|       1.00|       1.00|       0.00|       0.00|       0.00|       1.00|       1.00|      -1.00|       0.00|       0.00|       0.00|       0.00|       0.00|       1.00|       0.00|       0.00|       0.00|       0.00|      -1.00|       2.00|
|S_8    |       0.00|       1.00|       0.00|       0.00|       0.00|       0.00|       0.00|       1.00|       0.00|       0.00|       0.00|       0.00|       0.00|       0.00|       0.00|       0.00|       0.00|       1.00|       0.00|       0.00|       0.00|       0.00|       1.00|
|S_9    |       0.00|      -1.00|       0.00|      -1.00|      -1.00|       0.00|       0.00|      -1.00|      -1.00|      -1.00|       1.00|       0.00|       0.00|       0.00|       0.00|       0.00|       0.00|       0.00|       1.00|       0.00|       0.00|       1.00|      -3.00|
|S_10   |       1.00|       1.00|       1.00|       1.00|       1.00|       0.00|       0.00|       0.00|       0.00|       0.00|       0.00|       0.00|       0.00|       0.00|       0.00|       0.00|       0.00|       0.00|       0.00|       1.00|       0.00|       0.00|       3.00|
|S_11   |      -1.00|      -1.00|      -1.00|      -1.00|      -1.00|       0.00|       0.00|       0.00|       0.00|       0.00|       0.00|       0.00|       0.00|       0.00|       0.00|       0.00|       0.00|       0.00|       0.00|       0.00|       1.00|       1.00|      -2.00|
|x_1a   |       1.00|       0.00|       0.00|       0.00|       0.00|       1.00|       0.00|       0.00|       0.00|       0.00|       1.00|       0.00|       0.00|       0.00|       0.00|       0.00|       0.00|       0.00|       0.00|       0.00|       0.00|       0.00|       1.00|
---------------------------------------------------------------------------------------------------------------------------------------------------------------------------------------------------------------------------------------------------------------------------------------------
|Z      |      -1.00|      -1.00|      -1.00|      -1.00|      -1.00|      -0.00|      -0.00|      -0.00|      -0.00|      -0.00|      -0.00|      -0.00|      -0.00|      -0.00|      -0.00|      -0.00|      -0.00|      -0.00|      -0.00|      -0.00|      -0.00|      -0.00|       0.00|
---------------------------------------------------------------------------------------------------------------------------------------------------------------------------------------------------------------------------------------------------------------------------------------------
|Ratio  |           |           |      -1.00|      -1.00|      -1.00|           |           |      -0.00|      -0.00|      -0.00|           |           |           |           |           |           |           |           |           |           |           |           |           |
---------------------------------------------------------------------------------------------------------------------------------------------------------------------------------------------------------------------------------------------------------------------------------------------

Pivot-søjle: x_4a  |  Pivot-række: S_3

Simplex-tableau:
---------------------------------------------------------------------------------------------------------------------------------------------------------------------------------------------------------------------------------------------------------------------------------------------
|Basis  |x_1f       |x_2f       |x_3f       |x_4f       |x_5f       |x_1a       |x_2a       |x_3a       |x_4a       |x_5a       |S_1        |S_2        |S_3        |S_4        |S_5        |S_6        |S_7        |S_8        |S_9        |S_10       |S_11       |S_12       |b          |
---------------------------------------------------------------------------------------------------------------------------------------------------------------------------------------------------------------------------------------------------------------------------------------------
|x_2a   |       0.00|       1.00|       0.00|       0.00|       0.00|       0.00|       1.00|       0.00|       0.00|       0.00|       0.00|       1.00|       0.00|       0.00|       0.00|       0.00|       0.00|       0.00|       0.00|       0.00|       0.00|       0.00|       1.00|
|x_3a   |      -0.00|      -0.00|       1.00|       1.00|       1.00|      -0.00|      -0.00|       1.00|       1.00|       1.00|      -1.00|      -1.00|      -0.00|      -0.00|      -0.00|      -0.00|      -0.00|      -0.00|      -0.00|      -0.00|      -0.00|      -1.00|       3.00|
|S_3    |       0.00|       0.00|       0.00|      -1.00|      -1.00|       0.00|       0.00|       0.00|      -1.00|      -1.00|       1.00|       1.00|       1.00|       0.00|       0.00|       0.00|       0.00|       0.00|       0.00|       0.00|       0.00|       1.00|      -2.00|
|S_4    |       0.00|       0.00|       0.00|       1.00|       0.00|       0.00|       0.00|       0.00|       1.00|       0.00|       0.00|       0.00|       0.00|       1.00|       0.00|       0.00|       0.00|       0.00|       0.00|       0.00|       0.00|       0.00|       1.00|
|S_5    |       0.00|       0.00|       0.00|       0.00|       1.00|       0.00|       0.00|       0.00|       0.00|       1.00|       0.00|       0.00|       0.00|       0.00|       1.00|       0.00|       0.00|       0.00|       0.00|       0.00|       0.00|       0.00|       1.00|
|S_6    |       1.00|       0.00|       0.00|       1.00|       0.00|       0.00|       0.00|       0.00|       0.00|       0.00|       0.00|       0.00|       0.00|       0.00|       0.00|       1.00|       0.00|       0.00|       0.00|       0.00|       0.00|       0.00|       1.00|
|S_7    |       0.00|       0.00|       0.00|       1.00|       1.00|       0.00|       0.00|       0.00|       1.00|       1.00|      -1.00|       0.00|       0.00|       0.00|       0.00|       0.00|       1.00|       0.00|       0.00|       0.00|       0.00|      -1.00|       2.00|
|S_8    |       0.00|       1.00|      -1.00|      -1.00|      -1.00|       0.00|       0.00|       0.00|      -1.00|      -1.00|       1.00|       1.00|       0.00|       0.00|       0.00|       0.00|       0.00|       1.00|       0.00|       0.00|       0.00|       1.00|      -2.00|
|S_9    |       0.00|      -1.00|       1.00|       0.00|       0.00|       0.00|       0.00|       0.00|       0.00|       0.00|       0.00|      -1.00|       0.00|       0.00|       0.00|       0.00|       0.00|       0.00|       1.00|       0.00|       0.00|       0.00|       0.00|
|S_10   |       1.00|       1.00|       1.00|       1.00|       1.00|       0.00|       0.00|       0.00|       0.00|       0.00|       0.00|       0.00|       0.00|       0.00|       0.00|       0.00|       0.00|       0.00|       0.00|       1.00|       0.00|       0.00|       3.00|
|S_11   |      -1.00|      -1.00|      -1.00|      -1.00|      -1.00|       0.00|       0.00|       0.00|       0.00|       0.00|       0.00|       0.00|       0.00|       0.00|       0.00|       0.00|       0.00|       0.00|       0.00|       0.00|       1.00|       1.00|      -2.00|
|x_1a   |       1.00|       0.00|       0.00|       0.00|       0.00|       1.00|       0.00|       0.00|       0.00|       0.00|       1.00|       0.00|       0.00|       0.00|       0.00|       0.00|       0.00|       0.00|       0.00|       0.00|       0.00|       0.00|       1.00|
---------------------------------------------------------------------------------------------------------------------------------------------------------------------------------------------------------------------------------------------------------------------------------------------
|Z      |      -1.00|      -1.00|      -1.00|      -1.00|      -1.00|      -0.00|      -0.00|      -0.00|      -0.00|      -0.00|      -0.00|      -0.00|      -0.00|      -0.00|      -0.00|      -0.00|      -0.00|      -0.00|      -0.00|      -0.00|      -0.00|      -0.00|       0.00|
---------------------------------------------------------------------------------------------------------------------------------------------------------------------------------------------------------------------------------------------------------------------------------------------
|Ratio  |           |           |           |      -1.00|      -1.00|           |           |           |      -0.00|      -0.00|           |           |           |           |           |           |           |           |           |           |           |           |           |
---------------------------------------------------------------------------------------------------------------------------------------------------------------------------------------------------------------------------------------------------------------------------------------------

Pivot-søjle: x_1f  |  Pivot-række: S_11

Simplex-tableau:
---------------------------------------------------------------------------------------------------------------------------------------------------------------------------------------------------------------------------------------------------------------------------------------------
|Basis  |x_1f       |x_2f       |x_3f       |x_4f       |x_5f       |x_1a       |x_2a       |x_3a       |x_4a       |x_5a       |S_1        |S_2        |S_3        |S_4        |S_5        |S_6        |S_7        |S_8        |S_9        |S_10       |S_11       |S_12       |b          |
---------------------------------------------------------------------------------------------------------------------------------------------------------------------------------------------------------------------------------------------------------------------------------------------
|x_2a   |       0.00|       1.00|       0.00|       0.00|       0.00|       0.00|       1.00|       0.00|       0.00|       0.00|       0.00|       1.00|       0.00|       0.00|       0.00|       0.00|       0.00|       0.00|       0.00|       0.00|       0.00|       0.00|       1.00|
|x_3a   |       0.00|       0.00|       1.00|       0.00|       0.00|       0.00|       0.00|       1.00|       0.00|       0.00|       0.00|       0.00|       1.00|       0.00|       0.00|       0.00|       0.00|       0.00|       0.00|       0.00|       0.00|       0.00|       1.00|
|x_4a   |      -0.00|      -0.00|      -0.00|       1.00|       1.00|      -0.00|      -0.00|      -0.00|       1.00|       1.00|      -1.00|      -1.00|      -1.00|      -0.00|      -0.00|      -0.00|      -0.00|      -0.00|      -0.00|      -0.00|      -0.00|      -1.00|       2.00|
|S_4    |       0.00|       0.00|       0.00|       0.00|      -1.00|       0.00|       0.00|       0.00|       0.00|      -1.00|       1.00|       1.00|       1.00|       1.00|       0.00|       0.00|       0.00|       0.00|       0.00|       0.00|       0.00|       1.00|      -1.00|
|S_5    |       0.00|       0.00|       0.00|       0.00|       1.00|       0.00|       0.00|       0.00|       0.00|       1.00|       0.00|       0.00|       0.00|       0.00|       1.00|       0.00|       0.00|       0.00|       0.00|       0.00|       0.00|       0.00|       1.00|
|S_6    |       1.00|       0.00|       0.00|       1.00|       0.00|       0.00|       0.00|       0.00|       0.00|       0.00|       0.00|       0.00|       0.00|       0.00|       0.00|       1.00|       0.00|       0.00|       0.00|       0.00|       0.00|       0.00|       1.00|
|S_7    |       0.00|       0.00|       0.00|       0.00|       0.00|       0.00|       0.00|       0.00|       0.00|       0.00|       0.00|       1.00|       1.00|       0.00|       0.00|       0.00|       1.00|       0.00|       0.00|       0.00|       0.00|       0.00|       0.00|
|S_8    |       0.00|       1.00|      -1.00|       0.00|       0.00|       0.00|       0.00|       0.00|       0.00|       0.00|       0.00|       0.00|      -1.00|       0.00|       0.00|       0.00|       0.00|       1.00|       0.00|       0.00|       0.00|       0.00|       0.00|
|S_9    |       0.00|      -1.00|       1.00|       0.00|       0.00|       0.00|       0.00|       0.00|       0.00|       0.00|       0.00|      -1.00|       0.00|       0.00|       0.00|       0.00|       0.00|       0.00|       1.00|       0.00|       0.00|       0.00|       0.00|
|S_10   |       1.00|       1.00|       1.00|       1.00|       1.00|       0.00|       0.00|       0.00|       0.00|       0.00|       0.00|       0.00|       0.00|       0.00|       0.00|       0.00|       0.00|       0.00|       0.00|       1.00|       0.00|       0.00|       3.00|
|S_11   |      -1.00|      -1.00|      -1.00|      -1.00|      -1.00|       0.00|       0.00|       0.00|       0.00|       0.00|       0.00|       0.00|       0.00|       0.00|       0.00|       0.00|       0.00|       0.00|       0.00|       0.00|       1.00|       1.00|      -2.00|
|x_1a   |       1.00|       0.00|       0.00|       0.00|       0.00|       1.00|       0.00|       0.00|       0.00|       0.00|       1.00|       0.00|       0.00|       0.00|       0.00|       0.00|       0.00|       0.00|       0.00|       0.00|       0.00|       0.00|       1.00|
---------------------------------------------------------------------------------------------------------------------------------------------------------------------------------------------------------------------------------------------------------------------------------------------
|Z      |      -1.00|      -1.00|      -1.00|      -1.00|      -1.00|      -0.00|      -0.00|      -0.00|      -0.00|      -0.00|      -0.00|      -0.00|      -0.00|      -0.00|      -0.00|      -0.00|      -0.00|      -0.00|      -0.00|      -0.00|      -0.00|      -0.00|       0.00|
---------------------------------------------------------------------------------------------------------------------------------------------------------------------------------------------------------------------------------------------------------------------------------------------
|Ratio  |      -1.00|      -1.00|      -1.00|      -1.00|      -1.00|           |           |           |           |           |           |           |           |           |           |           |           |           |           |           |           |           |           |
---------------------------------------------------------------------------------------------------------------------------------------------------------------------------------------------------------------------------------------------------------------------------------------------

Pivot-søjle: x_5f  |  Pivot-række: S_4

Simplex-tableau:
---------------------------------------------------------------------------------------------------------------------------------------------------------------------------------------------------------------------------------------------------------------------------------------------
|Basis  |x_1f       |x_2f       |x_3f       |x_4f       |x_5f       |x_1a       |x_2a       |x_3a       |x_4a       |x_5a       |S_1        |S_2        |S_3        |S_4        |S_5        |S_6        |S_7        |S_8        |S_9        |S_10       |S_11       |S_12       |b          |
---------------------------------------------------------------------------------------------------------------------------------------------------------------------------------------------------------------------------------------------------------------------------------------------
|x_2a   |       0.00|       1.00|       0.00|       0.00|       0.00|       0.00|       1.00|       0.00|       0.00|       0.00|       0.00|       1.00|       0.00|       0.00|       0.00|       0.00|       0.00|       0.00|       0.00|       0.00|       0.00|       0.00|       1.00|
|x_3a   |       0.00|       0.00|       1.00|       0.00|       0.00|       0.00|       0.00|       1.00|       0.00|       0.00|       0.00|       0.00|       1.00|       0.00|       0.00|       0.00|       0.00|       0.00|       0.00|       0.00|       0.00|       0.00|       1.00|
|x_4a   |      -0.00|      -0.00|      -0.00|       1.00|       1.00|      -0.00|      -0.00|      -0.00|       1.00|       1.00|      -1.00|      -1.00|      -1.00|      -0.00|      -0.00|      -0.00|      -0.00|      -0.00|      -0.00|      -0.00|      -0.00|      -1.00|       2.00|
|S_4    |       0.00|       0.00|       0.00|       0.00|      -1.00|       0.00|       0.00|       0.00|       0.00|      -1.00|       1.00|       1.00|       1.00|       1.00|       0.00|       0.00|       0.00|       0.00|       0.00|       0.00|       0.00|       1.00|      -1.00|
|S_5    |       0.00|       0.00|       0.00|       0.00|       1.00|       0.00|       0.00|       0.00|       0.00|       1.00|       0.00|       0.00|       0.00|       0.00|       1.00|       0.00|       0.00|       0.00|       0.00|       0.00|       0.00|       0.00|       1.00|
|S_6    |       0.00|      -1.00|      -1.00|       0.00|      -1.00|       0.00|       0.00|       0.00|       0.00|       0.00|       0.00|       0.00|       0.00|       0.00|       0.00|       1.00|       0.00|       0.00|       0.00|       0.00|       1.00|       1.00|      -1.00|
|S_7    |       0.00|       0.00|       0.00|       0.00|       0.00|       0.00|       0.00|       0.00|       0.00|       0.00|       0.00|       1.00|       1.00|       0.00|       0.00|       0.00|       1.00|       0.00|       0.00|       0.00|       0.00|       0.00|       0.00|
|S_8    |       0.00|       1.00|      -1.00|       0.00|       0.00|       0.00|       0.00|       0.00|       0.00|       0.00|       0.00|       0.00|      -1.00|       0.00|       0.00|       0.00|       0.00|       1.00|       0.00|       0.00|       0.00|       0.00|       0.00|
|S_9    |       0.00|      -1.00|       1.00|       0.00|       0.00|       0.00|       0.00|       0.00|       0.00|       0.00|       0.00|      -1.00|       0.00|       0.00|       0.00|       0.00|       0.00|       0.00|       1.00|       0.00|       0.00|       0.00|       0.00|
|S_10   |       0.00|       0.00|       0.00|       0.00|       0.00|       0.00|       0.00|       0.00|       0.00|       0.00|       0.00|       0.00|       0.00|       0.00|       0.00|       0.00|       0.00|       0.00|       0.00|       1.00|       1.00|       1.00|       1.00|
|x_1f   |       1.00|       1.00|       1.00|       1.00|       1.00|      -0.00|      -0.00|      -0.00|      -0.00|      -0.00|      -0.00|      -0.00|      -0.00|      -0.00|      -0.00|      -0.00|      -0.00|      -0.00|      -0.00|      -0.00|      -1.00|      -1.00|       2.00|
|x_1a   |       0.00|      -1.00|      -1.00|      -1.00|      -1.00|       1.00|       0.00|       0.00|       0.00|       0.00|       1.00|       0.00|       0.00|       0.00|       0.00|       0.00|       0.00|       0.00|       0.00|       0.00|       1.00|       1.00|      -1.00|
---------------------------------------------------------------------------------------------------------------------------------------------------------------------------------------------------------------------------------------------------------------------------------------------
|Z      |       0.00|       0.00|       0.00|       0.00|       0.00|      -0.00|      -0.00|      -0.00|      -0.00|      -0.00|      -0.00|      -0.00|      -0.00|      -0.00|      -0.00|      -0.00|      -0.00|      -0.00|      -0.00|      -0.00|      -1.00|      -1.00|       2.00|
---------------------------------------------------------------------------------------------------------------------------------------------------------------------------------------------------------------------------------------------------------------------------------------------
|Ratio  |           |           |           |           |       0.00|           |           |           |           |      -0.00|           |           |           |           |           |           |           |           |           |           |           |           |           |
---------------------------------------------------------------------------------------------------------------------------------------------------------------------------------------------------------------------------------------------------------------------------------------------

Basic feasible solution (BFS) fundet
Dual simplex stoppet grundet funden BFS

Simplex-tableau:
---------------------------------------------------------------------------------------------------------------------------------------------------------------------------------------------------------------------------------------------------------------------------------------------
|Basis  |x_1f       |x_2f       |x_3f       |x_4f       |x_5f       |x_1a       |x_2a       |x_3a       |x_4a       |x_5a       |S_1        |S_2        |S_3        |S_4        |S_5        |S_6        |S_7        |S_8        |S_9        |S_10       |S_11       |S_12       |b          |
---------------------------------------------------------------------------------------------------------------------------------------------------------------------------------------------------------------------------------------------------------------------------------------------
|x_2a   |       0.00|       1.00|       0.00|       0.00|       0.00|       0.00|       1.00|       0.00|       0.00|       0.00|       0.00|       1.00|       0.00|       0.00|       0.00|       0.00|       0.00|       0.00|       0.00|       0.00|       0.00|       0.00|       1.00|
|x_3a   |       0.00|       0.00|       1.00|       0.00|       0.00|       0.00|       0.00|       1.00|       0.00|       0.00|       0.00|       0.00|       1.00|       0.00|       0.00|       0.00|       0.00|       0.00|       0.00|       0.00|       0.00|       0.00|       1.00|
|x_4a   |       0.00|       0.00|       0.00|       1.00|       0.00|       0.00|       0.00|       0.00|       1.00|       0.00|       0.00|       0.00|       0.00|       1.00|       0.00|       0.00|       0.00|       0.00|       0.00|       0.00|       0.00|       0.00|       1.00|
|x_5f   |      -0.00|      -0.00|      -0.00|      -0.00|       1.00|      -0.00|      -0.00|      -0.00|      -0.00|       1.00|      -1.00|      -1.00|      -1.00|      -1.00|      -0.00|      -0.00|      -0.00|      -0.00|      -0.00|      -0.00|      -0.00|      -1.00|       1.00|
|S_5    |       0.00|       0.00|       0.00|       0.00|       0.00|       0.00|       0.00|       0.00|       0.00|       0.00|       1.00|       1.00|       1.00|       1.00|       1.00|       0.00|       0.00|       0.00|       0.00|       0.00|       0.00|       1.00|       0.00|
|S_6    |       0.00|      -1.00|      -1.00|       0.00|       0.00|       0.00|       0.00|       0.00|       0.00|       1.00|      -1.00|      -1.00|      -1.00|      -1.00|       0.00|       1.00|       0.00|       0.00|       0.00|       0.00|       1.00|       0.00|       0.00|
|S_7    |       0.00|       0.00|       0.00|       0.00|       0.00|       0.00|       0.00|       0.00|       0.00|       0.00|       0.00|       1.00|       1.00|       0.00|       0.00|       0.00|       1.00|       0.00|       0.00|       0.00|       0.00|       0.00|       0.00|
|S_8    |       0.00|       1.00|      -1.00|       0.00|       0.00|       0.00|       0.00|       0.00|       0.00|       0.00|       0.00|       0.00|      -1.00|       0.00|       0.00|       0.00|       0.00|       1.00|       0.00|       0.00|       0.00|       0.00|       0.00|
|S_9    |       0.00|      -1.00|       1.00|       0.00|       0.00|       0.00|       0.00|       0.00|       0.00|       0.00|       0.00|      -1.00|       0.00|       0.00|       0.00|       0.00|       0.00|       0.00|       1.00|       0.00|       0.00|       0.00|       0.00|
|S_10   |       0.00|       0.00|       0.00|       0.00|       0.00|       0.00|       0.00|       0.00|       0.00|       0.00|       0.00|       0.00|       0.00|       0.00|       0.00|       0.00|       0.00|       0.00|       0.00|       1.00|       1.00|       1.00|       1.00|
|x_1f   |       1.00|       1.00|       1.00|       1.00|       0.00|       0.00|       0.00|       0.00|       0.00|      -1.00|       1.00|       1.00|       1.00|       1.00|       0.00|       0.00|       0.00|       0.00|       0.00|       0.00|      -1.00|       0.00|       1.00|
|x_1a   |       0.00|      -1.00|      -1.00|      -1.00|       0.00|       1.00|       0.00|       0.00|       0.00|       1.00|       0.00|      -1.00|      -1.00|      -1.00|       0.00|       0.00|       0.00|       0.00|       0.00|       0.00|       1.00|       0.00|       0.00|
---------------------------------------------------------------------------------------------------------------------------------------------------------------------------------------------------------------------------------------------------------------------------------------------
|Z      |       0.00|       0.00|       0.00|       0.00|       0.00|      -0.00|      -0.00|      -0.00|      -0.00|      -0.00|      -0.00|      -0.00|      -0.00|      -0.00|      -0.00|      -0.00|      -0.00|      -0.00|      -0.00|      -0.00|      -1.00|      -1.00|       2.00|
---------------------------------------------------------------------------------------------------------------------------------------------------------------------------------------------------------------------------------------------------------------------------------------------

Pivot-søjle: S_11  |  Pivot-række: S_6

Simplex-tableau:
---------------------------------------------------------------------------------------------------------------------------------------------------------------------------------------------------------------------------------------------------------------------------------------------------------
|Basis  |x_1f       |x_2f       |x_3f       |x_4f       |x_5f       |x_1a       |x_2a       |x_3a       |x_4a       |x_5a       |S_1        |S_2        |S_3        |S_4        |S_5        |S_6        |S_7        |S_8        |S_9        |S_10       |S_11       |S_12       |b          |Ratio      |
---------------------------------------------------------------------------------------------------------------------------------------------------------------------------------------------------------------------------------------------------------------------------------------------------------
|x_2a   |       0.00|       1.00|       0.00|       0.00|       0.00|       0.00|       1.00|       0.00|       0.00|       0.00|       0.00|       1.00|       0.00|       0.00|       0.00|       0.00|       0.00|       0.00|       0.00|       0.00|       0.00|       0.00|       1.00|           |
|x_3a   |       0.00|       0.00|       1.00|       0.00|       0.00|       0.00|       0.00|       1.00|       0.00|       0.00|       0.00|       0.00|       1.00|       0.00|       0.00|       0.00|       0.00|       0.00|       0.00|       0.00|       0.00|       0.00|       1.00|           |
|x_4a   |       0.00|       0.00|       0.00|       1.00|       0.00|       0.00|       0.00|       0.00|       1.00|       0.00|       0.00|       0.00|       0.00|       1.00|       0.00|       0.00|       0.00|       0.00|       0.00|       0.00|       0.00|       0.00|       1.00|           |
|x_5f   |      -0.00|      -0.00|      -0.00|      -0.00|       1.00|      -0.00|      -0.00|      -0.00|      -0.00|       1.00|      -1.00|      -1.00|      -1.00|      -1.00|      -0.00|      -0.00|      -0.00|      -0.00|      -0.00|      -0.00|      -0.00|      -1.00|       1.00|           |
|S_5    |       0.00|       0.00|       0.00|       0.00|       0.00|       0.00|       0.00|       0.00|       0.00|       0.00|       1.00|       1.00|       1.00|       1.00|       1.00|       0.00|       0.00|       0.00|       0.00|       0.00|       0.00|       1.00|       0.00|           |
|S_6    |       0.00|      -1.00|      -1.00|       0.00|       0.00|       0.00|       0.00|       0.00|       0.00|       1.00|      -1.00|      -1.00|      -1.00|      -1.00|       0.00|       1.00|       0.00|       0.00|       0.00|       0.00|       1.00|       0.00|       0.00|       0.00|
|S_7    |       0.00|       0.00|       0.00|       0.00|       0.00|       0.00|       0.00|       0.00|       0.00|       0.00|       0.00|       1.00|       1.00|       0.00|       0.00|       0.00|       1.00|       0.00|       0.00|       0.00|       0.00|       0.00|       0.00|           |
|S_8    |       0.00|       1.00|      -1.00|       0.00|       0.00|       0.00|       0.00|       0.00|       0.00|       0.00|       0.00|       0.00|      -1.00|       0.00|       0.00|       0.00|       0.00|       1.00|       0.00|       0.00|       0.00|       0.00|       0.00|           |
|S_9    |       0.00|      -1.00|       1.00|       0.00|       0.00|       0.00|       0.00|       0.00|       0.00|       0.00|       0.00|      -1.00|       0.00|       0.00|       0.00|       0.00|       0.00|       0.00|       1.00|       0.00|       0.00|       0.00|       0.00|           |
|S_10   |       0.00|       0.00|       0.00|       0.00|       0.00|       0.00|       0.00|       0.00|       0.00|       0.00|       0.00|       0.00|       0.00|       0.00|       0.00|       0.00|       0.00|       0.00|       0.00|       1.00|       1.00|       1.00|       1.00|       1.00|
|x_1f   |       1.00|       1.00|       1.00|       1.00|       0.00|       0.00|       0.00|       0.00|       0.00|      -1.00|       1.00|       1.00|       1.00|       1.00|       0.00|       0.00|       0.00|       0.00|       0.00|       0.00|      -1.00|       0.00|       1.00|           |
|x_1a   |       0.00|      -1.00|      -1.00|      -1.00|       0.00|       1.00|       0.00|       0.00|       0.00|       1.00|       0.00|      -1.00|      -1.00|      -1.00|       0.00|       0.00|       0.00|       0.00|       0.00|       0.00|       1.00|       0.00|       0.00|       0.00|
---------------------------------------------------------------------------------------------------------------------------------------------------------------------------------------------------------------------------------------------------------------------------------------------------------
|Z      |       0.00|       0.00|       0.00|       0.00|       0.00|      -0.00|      -0.00|      -0.00|      -0.00|      -0.00|      -0.00|      -0.00|      -0.00|      -0.00|      -0.00|      -0.00|      -0.00|      -0.00|      -0.00|      -0.00|      -1.00|      -1.00|       2.00|           |
---------------------------------------------------------------------------------------------------------------------------------------------------------------------------------------------------------------------------------------------------------------------------------------------------------

Pivot-søjle: x_2f  |  Pivot-række: S_8

Simplex-tableau:
---------------------------------------------------------------------------------------------------------------------------------------------------------------------------------------------------------------------------------------------------------------------------------------------------------
|Basis  |x_1f       |x_2f       |x_3f       |x_4f       |x_5f       |x_1a       |x_2a       |x_3a       |x_4a       |x_5a       |S_1        |S_2        |S_3        |S_4        |S_5        |S_6        |S_7        |S_8        |S_9        |S_10       |S_11       |S_12       |b          |Ratio      |
---------------------------------------------------------------------------------------------------------------------------------------------------------------------------------------------------------------------------------------------------------------------------------------------------------
|x_2a   |       0.00|       1.00|       0.00|       0.00|       0.00|       0.00|       1.00|       0.00|       0.00|       0.00|       0.00|       1.00|       0.00|       0.00|       0.00|       0.00|       0.00|       0.00|       0.00|       0.00|       0.00|       0.00|       1.00|       1.00|
|x_3a   |       0.00|       0.00|       1.00|       0.00|       0.00|       0.00|       0.00|       1.00|       0.00|       0.00|       0.00|       0.00|       1.00|       0.00|       0.00|       0.00|       0.00|       0.00|       0.00|       0.00|       0.00|       0.00|       1.00|           |
|x_4a   |       0.00|       0.00|       0.00|       1.00|       0.00|       0.00|       0.00|       0.00|       1.00|       0.00|       0.00|       0.00|       0.00|       1.00|       0.00|       0.00|       0.00|       0.00|       0.00|       0.00|       0.00|       0.00|       1.00|           |
|x_5f   |      -0.00|      -0.00|      -0.00|      -0.00|       1.00|      -0.00|      -0.00|      -0.00|      -0.00|       1.00|      -1.00|      -1.00|      -1.00|      -1.00|      -0.00|      -0.00|      -0.00|      -0.00|      -0.00|      -0.00|      -0.00|      -1.00|       1.00|           |
|S_5    |       0.00|       0.00|       0.00|       0.00|       0.00|       0.00|       0.00|       0.00|       0.00|       0.00|       1.00|       1.00|       1.00|       1.00|       1.00|       0.00|       0.00|       0.00|       0.00|       0.00|       0.00|       1.00|       0.00|           |
|S_11   |       0.00|      -1.00|      -1.00|       0.00|       0.00|       0.00|       0.00|       0.00|       0.00|       1.00|      -1.00|      -1.00|      -1.00|      -1.00|       0.00|       1.00|       0.00|       0.00|       0.00|       0.00|       1.00|       0.00|       0.00|           |
|S_7    |       0.00|       0.00|       0.00|       0.00|       0.00|       0.00|       0.00|       0.00|       0.00|       0.00|       0.00|       1.00|       1.00|       0.00|       0.00|       0.00|       1.00|       0.00|       0.00|       0.00|       0.00|       0.00|       0.00|           |
|S_8    |       0.00|       1.00|      -1.00|       0.00|       0.00|       0.00|       0.00|       0.00|       0.00|       0.00|       0.00|       0.00|      -1.00|       0.00|       0.00|       0.00|       0.00|       1.00|       0.00|       0.00|       0.00|       0.00|       0.00|       0.00|
|S_9    |       0.00|      -1.00|       1.00|       0.00|       0.00|       0.00|       0.00|       0.00|       0.00|       0.00|       0.00|      -1.00|       0.00|       0.00|       0.00|       0.00|       0.00|       0.00|       1.00|       0.00|       0.00|       0.00|       0.00|           |
|S_10   |       0.00|       1.00|       1.00|       0.00|       0.00|       0.00|       0.00|       0.00|       0.00|      -1.00|       1.00|       1.00|       1.00|       1.00|       0.00|      -1.00|       0.00|       0.00|       0.00|       1.00|       0.00|       1.00|       1.00|       1.00|
|x_1f   |       1.00|       0.00|       0.00|       1.00|       0.00|       0.00|       0.00|       0.00|       0.00|       0.00|       0.00|       0.00|       0.00|       0.00|       0.00|       1.00|       0.00|       0.00|       0.00|       0.00|       0.00|       0.00|       1.00|           |
|x_1a   |       0.00|       0.00|       0.00|      -1.00|       0.00|       1.00|       0.00|       0.00|       0.00|       0.00|       1.00|       0.00|       0.00|       0.00|       0.00|      -1.00|       0.00|       0.00|       0.00|       0.00|       0.00|       0.00|       0.00|           |
---------------------------------------------------------------------------------------------------------------------------------------------------------------------------------------------------------------------------------------------------------------------------------------------------------
|Z      |       0.00|      -1.00|      -1.00|       0.00|       0.00|       0.00|       0.00|       0.00|       0.00|       1.00|      -1.00|      -1.00|      -1.00|      -1.00|       0.00|       1.00|       0.00|       0.00|       0.00|       0.00|       0.00|      -1.00|       2.00|           |
---------------------------------------------------------------------------------------------------------------------------------------------------------------------------------------------------------------------------------------------------------------------------------------------------------

Pivot-søjle: x_3f  |  Pivot-række: S_10

Simplex-tableau:
---------------------------------------------------------------------------------------------------------------------------------------------------------------------------------------------------------------------------------------------------------------------------------------------------------
|Basis  |x_1f       |x_2f       |x_3f       |x_4f       |x_5f       |x_1a       |x_2a       |x_3a       |x_4a       |x_5a       |S_1        |S_2        |S_3        |S_4        |S_5        |S_6        |S_7        |S_8        |S_9        |S_10       |S_11       |S_12       |b          |Ratio      |
---------------------------------------------------------------------------------------------------------------------------------------------------------------------------------------------------------------------------------------------------------------------------------------------------------
|x_2a   |       0.00|       0.00|       1.00|       0.00|       0.00|       0.00|       1.00|       0.00|       0.00|       0.00|       0.00|       1.00|       1.00|       0.00|       0.00|       0.00|       0.00|      -1.00|       0.00|       0.00|       0.00|       0.00|       1.00|       1.00|
|x_3a   |       0.00|       0.00|       1.00|       0.00|       0.00|       0.00|       0.00|       1.00|       0.00|       0.00|       0.00|       0.00|       1.00|       0.00|       0.00|       0.00|       0.00|       0.00|       0.00|       0.00|       0.00|       0.00|       1.00|       1.00|
|x_4a   |       0.00|       0.00|       0.00|       1.00|       0.00|       0.00|       0.00|       0.00|       1.00|       0.00|       0.00|       0.00|       0.00|       1.00|       0.00|       0.00|       0.00|       0.00|       0.00|       0.00|       0.00|       0.00|       1.00|           |
|x_5f   |      -0.00|      -0.00|      -0.00|      -0.00|       1.00|      -0.00|      -0.00|      -0.00|      -0.00|       1.00|      -1.00|      -1.00|      -1.00|      -1.00|      -0.00|      -0.00|      -0.00|      -0.00|      -0.00|      -0.00|      -0.00|      -1.00|       1.00|           |
|S_5    |       0.00|       0.00|       0.00|       0.00|       0.00|       0.00|       0.00|       0.00|       0.00|       0.00|       1.00|       1.00|       1.00|       1.00|       1.00|       0.00|       0.00|       0.00|       0.00|       0.00|       0.00|       1.00|       0.00|           |
|S_11   |       0.00|       0.00|      -2.00|       0.00|       0.00|       0.00|       0.00|       0.00|       0.00|       1.00|      -1.00|      -1.00|      -2.00|      -1.00|       0.00|       1.00|       0.00|       1.00|       0.00|       0.00|       1.00|       0.00|       0.00|           |
|S_7    |       0.00|       0.00|       0.00|       0.00|       0.00|       0.00|       0.00|       0.00|       0.00|       0.00|       0.00|       1.00|       1.00|       0.00|       0.00|       0.00|       1.00|       0.00|       0.00|       0.00|       0.00|       0.00|       0.00|           |
|x_2f   |       0.00|       1.00|      -1.00|       0.00|       0.00|       0.00|       0.00|       0.00|       0.00|       0.00|       0.00|       0.00|      -1.00|       0.00|       0.00|       0.00|       0.00|       1.00|       0.00|       0.00|       0.00|       0.00|       0.00|           |
|S_9    |       0.00|       0.00|       0.00|       0.00|       0.00|       0.00|       0.00|       0.00|       0.00|       0.00|       0.00|      -1.00|      -1.00|       0.00|       0.00|       0.00|       0.00|       1.00|       1.00|       0.00|       0.00|       0.00|       0.00|           |
|S_10   |       0.00|       0.00|       2.00|       0.00|       0.00|       0.00|       0.00|       0.00|       0.00|      -1.00|       1.00|       1.00|       2.00|       1.00|       0.00|      -1.00|       0.00|      -1.00|       0.00|       1.00|       0.00|       1.00|       1.00|       0.50|
|x_1f   |       1.00|       0.00|       0.00|       1.00|       0.00|       0.00|       0.00|       0.00|       0.00|       0.00|       0.00|       0.00|       0.00|       0.00|       0.00|       1.00|       0.00|       0.00|       0.00|       0.00|       0.00|       0.00|       1.00|           |
|x_1a   |       0.00|       0.00|       0.00|      -1.00|       0.00|       1.00|       0.00|       0.00|       0.00|       0.00|       1.00|       0.00|       0.00|       0.00|       0.00|      -1.00|       0.00|       0.00|       0.00|       0.00|       0.00|       0.00|       0.00|           |
---------------------------------------------------------------------------------------------------------------------------------------------------------------------------------------------------------------------------------------------------------------------------------------------------------
|Z      |       0.00|       0.00|      -2.00|       0.00|       0.00|       0.00|       0.00|       0.00|       0.00|       1.00|      -1.00|      -1.00|      -2.00|      -1.00|       0.00|       1.00|       0.00|       1.00|       0.00|       0.00|       0.00|      -1.00|       2.00|           |
---------------------------------------------------------------------------------------------------------------------------------------------------------------------------------------------------------------------------------------------------------------------------------------------------------

Optimal løsning fundet
Primal simplex stoppet grundet funden optimal løsning

Simplex-tableau:
---------------------------------------------------------------------------------------------------------------------------------------------------------------------------------------------------------------------------------------------------------------------------------------------
|Basis  |x_1f       |x_2f       |x_3f       |x_4f       |x_5f       |x_1a       |x_2a       |x_3a       |x_4a       |x_5a       |S_1        |S_2        |S_3        |S_4        |S_5        |S_6        |S_7        |S_8        |S_9        |S_10       |S_11       |S_12       |b          |
---------------------------------------------------------------------------------------------------------------------------------------------------------------------------------------------------------------------------------------------------------------------------------------------
|x_2a   |       0.00|       0.00|       0.00|       0.00|       0.00|       0.00|       1.00|       0.00|       0.00|       0.50|      -0.50|       0.50|       0.00|      -0.50|       0.00|       0.50|       0.00|      -0.50|       0.00|      -0.50|       0.00|      -0.50|       0.50|
|x_3a   |       0.00|       0.00|       0.00|       0.00|       0.00|       0.00|       0.00|       1.00|       0.00|       0.50|      -0.50|      -0.50|       0.00|      -0.50|       0.00|       0.50|       0.00|       0.50|       0.00|      -0.50|       0.00|      -0.50|       0.50|
|x_4a   |       0.00|       0.00|       0.00|       1.00|       0.00|       0.00|       0.00|       0.00|       1.00|       0.00|       0.00|       0.00|       0.00|       1.00|       0.00|       0.00|       0.00|       0.00|       0.00|       0.00|       0.00|       0.00|       1.00|
|x_5f   |      -0.00|      -0.00|      -0.00|      -0.00|       1.00|      -0.00|      -0.00|      -0.00|      -0.00|       1.00|      -1.00|      -1.00|      -1.00|      -1.00|      -0.00|      -0.00|      -0.00|      -0.00|      -0.00|      -0.00|      -0.00|      -1.00|       1.00|
|S_5    |       0.00|       0.00|       0.00|       0.00|       0.00|       0.00|       0.00|       0.00|       0.00|       0.00|       1.00|       1.00|       1.00|       1.00|       1.00|       0.00|       0.00|       0.00|       0.00|       0.00|       0.00|       1.00|       0.00|
|S_11   |       0.00|       0.00|       0.00|       0.00|       0.00|       0.00|       0.00|       0.00|       0.00|       0.00|       0.00|       0.00|       0.00|       0.00|       0.00|       0.00|       0.00|       0.00|       0.00|       1.00|       1.00|       1.00|       1.00|
|S_7    |       0.00|       0.00|       0.00|       0.00|       0.00|       0.00|       0.00|       0.00|       0.00|       0.00|       0.00|       1.00|       1.00|       0.00|       0.00|       0.00|       1.00|       0.00|       0.00|       0.00|       0.00|       0.00|       0.00|
|x_2f   |       0.00|       1.00|       0.00|       0.00|       0.00|       0.00|       0.00|       0.00|       0.00|      -0.50|       0.50|       0.50|       0.00|       0.50|       0.00|      -0.50|       0.00|       0.50|       0.00|       0.50|       0.00|       0.50|       0.50|
|S_9    |       0.00|       0.00|       0.00|       0.00|       0.00|       0.00|       0.00|       0.00|       0.00|       0.00|       0.00|      -1.00|      -1.00|       0.00|       0.00|       0.00|       0.00|       1.00|       1.00|       0.00|       0.00|       0.00|       0.00|
|x_3f   |       0.00|       0.00|       1.00|       0.00|       0.00|       0.00|       0.00|       0.00|       0.00|      -0.50|       0.50|       0.50|       1.00|       0.50|       0.00|      -0.50|       0.00|      -0.50|       0.00|       0.50|       0.00|       0.50|       0.50|
|x_1f   |       1.00|       0.00|       0.00|       1.00|       0.00|       0.00|       0.00|       0.00|       0.00|       0.00|       0.00|       0.00|       0.00|       0.00|       0.00|       1.00|       0.00|       0.00|       0.00|       0.00|       0.00|       0.00|       1.00|
|x_1a   |       0.00|       0.00|       0.00|      -1.00|       0.00|       1.00|       0.00|       0.00|       0.00|       0.00|       1.00|       0.00|       0.00|       0.00|       0.00|      -1.00|       0.00|       0.00|       0.00|       0.00|       0.00|       0.00|       0.00|
---------------------------------------------------------------------------------------------------------------------------------------------------------------------------------------------------------------------------------------------------------------------------------------------
|Z      |       0.00|       0.00|       0.00|       0.00|       0.00|       0.00|       0.00|       0.00|       0.00|       0.00|       0.00|       0.00|       0.00|       0.00|       0.00|       0.00|       0.00|       0.00|       0.00|       1.00|       0.00|       0.00|       3.00|
---------------------------------------------------------------------------------------------------------------------------------------------------------------------------------------------------------------------------------------------------------------------------------------------


OPTIMAL LØSNING OG SENSITIVITETSANALYSE

----------------------------------------------------------------------------------------------------
Værdi af objektivfunktionen:
 -> 3.00


====================================================================================================
DER ER FLERE OPTIMALE LØSNINGER
====================================================================================================

Begrundelse:
Løsningen er optimal, fordi:
  • Z-rækken har ikke-negative værdier for alle non-basic variabler
  • Alle b-værdier er ikke-negative (feasible løsning)

Der er flere optimale løsninger, fordi:
  • Non-basic variabel(er) med reduced cost = 0:
    - x_4f kan indgå i basisen uden at ændre objektivværdien
    - x_5a kan indgå i basisen uden at ændre objektivværdien
    - S_1 kan indgå i basisen uden at ændre objektivværdien
    - S_2 kan indgå i basisen uden at ændre objektivværdien
    - S_3 kan indgå i basisen uden at ændre objektivværdien
    - S_4 kan indgå i basisen uden at ændre objektivværdien
    - S_6 kan indgå i basisen uden at ændre objektivværdien
    - S_8 kan indgå i basisen uden at ændre objektivværdien
    - S_12 kan indgå i basisen uden at ændre objektivværdien
  • Dette betyder at der findes alternative optimale basisløsninger
  • Alle disse løsninger har samme objektivværdi

Yderligere observation:
  • Degenerering er til stede (basisvariabel(er) med værdi 0):
    - S_5 = 0
    - S_7 = 0
    - S_9 = 0
    - x_1a = 0
  • Dette kan føre til flere optimale tableaux

====================================================================================================

Variabelnavn                   |Værdi                         
-----------------------------------------------------------------
x_1f                           |1.00                          
x_2f                           |0.50                          
x_3f                           |0.50                          
x_4f                           |0.00                          
x_5f                           |1.00                          
x_1a                           |0.00                          
x_2a                           |0.50                          
x_3a                           |0.50                          
x_4a                           |1.00                          
x_5a                           |0.00                          
S_1                            |0.00                          
S_2                            |0.00                          
S_3                            |0.00                          
S_4                            |0.00                          
S_5                            |0.00                          
S_6                            |0.00                          
S_7                            |0.00                          
S_8                            |0.00                          
S_9                            |0.00                          
S_10                           |0.00                          
S_11                           |1.00                          
S_12                           |0.00                          


Slack og skyggepris: 

Begrænsningnavn |LHS             |RHS             |Slack           |Skyggepris      |Bindende status
----------------------------------------------------------------------------------------------------
B1              |1.00            |1.00            |0.00            |0.00            |Bindende       
B2              |1.00            |1.00            |0.00            |0.00            |Bindende       
B3              |1.00            |1.00            |0.00            |0.00            |Bindende       
B4              |1.00            |1.00            |0.00            |0.00            |Bindende       
B5              |1.00            |1.00            |0.00            |0.00            |Bindende       
B6              |1.00            |1.00            |0.00            |0.00            |Bindende       
B7              |-2.00           |-2.00           |0.00            |0.00            |Bindende       
B8              |1.00            |1.00            |0.00            |0.00            |Bindende       
B9              |1.00            |1.00            |0.00            |0.00            |Bindende       
B10             |3.00            |3.00            |0.00            |1.00            |Bindende       
B11             |2.00            |3.00            |1.00            |0.00            |Ikke-bindende  
B12             |-5.00           |-5.00           |0.00            |0.00            |Bindende       



Sensitivitetsrapport for objektivkoefficienter: 

Variabelnavn       |Koefficientværdi   |Maksimalt fald     |Maksimal stigning  |Reduced costs     
---------------------------------------------------------------------------------------------------
x_1f               |1.00               |0.00               |∞                  |-0.00             
x_2f               |1.00               |0.00               |0.00               |-0.00             
x_3f               |1.00               |0.00               |0.00               |-0.00             
x_4f               |1.00               |-∞                 |0.00               |-0.00             
x_5f               |1.00               |0.00               |0.00               |-0.00             
x_1a               |0.00               |0.00               |0.00               |-0.00             
x_2a               |0.00               |0.00               |0.00               |-0.00             
x_3a               |0.00               |0.00               |0.00               |-0.00             
x_4a               |0.00               |0.00               |∞                  |-0.00             
x_5a               |0.00               |-∞                 |0.00               |-0.00             
S_1                |0.00               |-∞                 |0.00               |-0.00             
S_2                |0.00               |-∞                 |0.00               |-0.00             
S_3                |0.00               |-∞                 |0.00               |-0.00             
S_4                |0.00               |-∞                 |0.00               |-0.00             
S_5                |0.00               |0.00               |∞                  |-0.00             
S_6                |0.00               |-∞                 |0.00               |-0.00             
S_7                |0.00               |0.00               |∞                  |-0.00             
S_8                |0.00               |-∞                 |0.00               |-0.00             
S_9                |0.00               |0.00               |0.00               |-0.00             
S_10               |0.00               |-∞                 |1.00               |-1.00             
S_11               |0.00               |0.00               |∞                  |-0.00             
S_12               |0.00               |-∞                 |0.00               |-0.00             
---------------------------------------------------------------------------------------------------



Sensitivitetsrapport for RHS (kapacitet): 

Begrænsningnavn      |RHS (nu)             |Maksimalt fald       |Maksimal stigning   
--------------------------------------------------------------------------------------
B1                   |1.00                 |0.00                 |1.00                
B2                   |1.00                 |0.00                 |0.00                
B3                   |1.00                 |0.00                 |0.00                
B4                   |1.00                 |0.00                 |1.00                
B5                   |1.00                 |0.00                 |∞                   
B6                   |1.00                 |1.00                 |0.00                
B7                   |-2.00                |0.00                 |∞                   
B8                   |1.00                 |0.00                 |1.00                
B9                   |1.00                 |0.00                 |∞                   
B10                  |3.00                 |1.00                 |1.00                
B11                  |3.00                 |1.00                 |∞                   
B12                  |-5.00                |0.00                 |1.00                
--------------------------------------------------------------------------------------


